33344 64186 51051 38838 46277 61134 56634 52696 64170 38844
56641 80 45827 42333 47065 66817 29328 14697 41161 7955
40317 7133 42339 58693 38561 51617 58688 46207 9357 38867
47188 47777 8776 48360 51327 51863 33509 67791 44775 53015
8336 16951 35198 53890 53792 12989 3159 20335 23110 62700
58123 48416 52517 34427 53154 44250 57565 67207 47660 38353
50625 5490 61068 47389 58700 38823 56647 65644 40318 30215
63201 48075 31105 31090 26952 6197 58528 45165 32892 63612
61100 41041 50017 66 56748 48787 65481 40369 43281 24935
61821 55086 29738 32359 37713 23827 60195 61549 12836 51207
32060 45243 58681 38842 62252 44952 40782 50656 50951 49119
41173 25693 60531 18300 7955 40411 8773 81 21573 53447
53916 54402 16363 24933 66622 12213 56649 59891 57185 2551
55825 51110 53995 67369 7226 54506 60983 50382 47113 12033
44484 55925 2578 1619 3655 44002 8354 63175 49961 2018
64265 56765 39504 44070 56766 64439 56434 64199 50870 1987
44147 33354 21031 45274 38976 17529 58654 52391 50858 66697
1329 44077 5260 40563 57477 11856 26482 473 38620 41892
32581 56941 51382 29233 9611 7692 7644 39300 41554 62151
22045 22015 43181 26976 17514 51864 43729 40447 30558 34362
45549 9902 29330 29272 55753 2009 18285 24935 2983 7278
61798 2083 5466 5120 29697 7981 52639 6230 56658 50609
3110 29046 63013 48756 67415 48451 16401 39591 4341 39586
49305 52616 54511 42340 7576 50824 5126 31746 4866 44487
44526 33743 27432 37566 22680 21721 8301 50319 55707 56589
35245 58616 55102 32079 33300 58782 32084 64207 44073 39386
48166 43183 32930 9403 26912 32070 21464 27882 59399 19256
48657 47856 49717 50434 40745 19071 66258 33346 54084 66330
66244 45286 65663 45267 56678 31562 10351 47991 49778 35278
66777 47114 65512 47361 27778 52729 57169 32042 41078 23775
51627 67785 34900 59367 35082 66741 27591 31523 43230 30526
4386 63731 40210 55451 61942 56243 65245 61544 51517 54204
59404 28552 26220 22437 28577 48779 10602 63214 55713 1017
57961 56034 64734 35458 64489 48329 14089 32194 56125 11719
18895 52696 61134 32196 51472 49182 37069 33344 38836 44070
49698 23394 45818 33279 47685 14829 40917 65895 44659 42689
22789 16494 32257 52740 15679 47285 63054 25632 57033 35552
57571 43200 38657 50558 51329 19600 32047 32021 33336 66288
57834 21257 40299 9890 54616 2532 59712 64598 53509 4561
12378 21272 8296 48640 54449 4139 12876 40751 56791 48219
32111 50582 23373 32103 42974 46260 49119 4545 48260 33304
57147 61725 53017 36085 61726 24298 40948 40358 65995 8426
7000 43395 49295 13108 3570 24397 20288 58819 14915 6948
66266 61382 50629 9351 9425 47720 13646 19049 66709 12151
61383 14314 33325 9038 21533 44083 16112 33315 56031 57813
1137 48198 56223 44080 41132 9158 34321 45513 48672 3144
27517 34548 40805 66025 55457 2392 57177 42259 8375 30099
9380 39209 26121 1758 3639 1246 56773 1142 8737 2426
59086 43471 30546 31313 17528 9827 59685 42952 60585 47654
44835 51661 64521 44785 19284 54917 28307 52319 95 53411
59324 28177 55257 24671 11387 51658 33096 63913 9212 3255
52670 52658 57082 52621 12862 5563 33266 52654 319 42282
61759 10347 64599 10356 66287 48226 55833 51624 61046 32089
44515 1601 28407 48783 6804 28393 19143 9086 9352 12890
17625 10368 65282 21998 18160 32392 28969 32544 10128 26440
43176 63796 32179 28701 32167 8411 18560 19380 12951 28742
28752 64218 66219 16773 32194 33161 54345 56571 32179 67185
64208 33277 50647 37030 40622 64868 64181 43283 38611 49656
67901 67885 67893 57518 32655 6492 67894 57742 62095 39651
31403 56788 63791 31440 8767 65249 56430 22937 22019 43757
13780 64121 53662 67368 53067 99 56606 8950 57166 5090
66673 24078 54402 60533 60998 19284 18569 34125 67193 16363
1005 3006 47682 39263 16090 21249 6188 21234 2474 47055
1008 34237 17598 26398 38647 21215 45623 21209 19051 14317
48282 66290 49066 44063 50643 34558 33306 44059 5410 38848
75 56055 41876 33110 1043 58748 58824 18292 38831 7125
43281 50088 48787 65481 23657 35343 8 61100 5564 56011
48857 4587 38164 50383 1620 17477 50032 890 30542 1609
19149 27583 28002 57804 37226 31977 5738 45708 44424 61939
3202 67887 65933 10271 32376 51875 12836 890 51791 38987
59526 49792 41148 7737 52289 23290 30273 18318 45240 42238
42896 58002 50059 21265 9362 54080 42830 21263 8297 22320
64187 10350 56263 33304 38881 46260 48283 50582 32039 48284
21680 44246 43453 43499 3925 14217 33269 4293 58498 31543
42046 58824 66312 33166 64541 46375 38827 58707 64351 1304
65 18292 52606 1043 57553 61769 18289 32028 7595 7125
7562 50879 1987 30240 49174 52401 50867 56634 38887 64170
55943 55926 54869 44441 47697 40248 4531 65954 50120 49263
64744 42955 16080 57936 66285 16040 31622 19392 41135 27736
27781 29219 29212 44555 47301 50524 1305 44423 64218 41099
14697 29328 66817 1 29339 42260 1140 9296 56641 41223
40411 60531 8773 42333 25693 7955 3637 45827 11 3628
2411 63510 29208 36660 52506 50315 57854 59054 60272 5050
40798 46217 46167 37037 38611 33296 12573 9346 32196 52720
12557 45903 58214 52359 40047 12526 55781 15026 16112 32148
61788 66655 18306 53989 20489 44300 30556 44002 56555 63622
66337 64176 16040 8021 41056 19551 21264 65487 16077 62782
47630 780 50729 15980 57015 48672 67406 62506 54062 59756
31057 24682 4551 15985 40356 28067 28035 67397 40400 67114
34974 1576 26849 26627 12933 2390 51267 1483 23538 1094
38988 29524 38984 38991 14361 52988 31811 58105 65721 52053
32804 7710 49058 24839 42002 66179 24834 8956 46724 40960
23491 24184 8914 43576 57682 16662 37648 59045 28623 60934
39577 50002 50030 47894 47673 47971 53860 38718 47126 49968
27745 49125 29620 45018 47303 10319 58021 15261 21057 47091
44835 51661 29233 66317 49 53411 51382 50423 42319 55215
60396 55447 23759 51926 65970 17513 67076 32357 54939 25230
6672 63173 25037 22164 50399 31105 45995 59401 27488 66681
58137 6685 50097 35107 2319 44290 53621 56422 34358 51773
43584 65892 50327 55956 62414 50321 9315 44334 51977 43591
121 3445 42006 9657 18737 40823 42963 13651 57277 33633
49780 32631 3343 14331 26479 13720 33743 27455 55707 61722
26550 34584 27027 43514 60966 31996 68002 29823 45002 39355
32752 30191 14220 590 6471 587 62978 11589 35608 57298
128 4497 49060 1442 55725 23714 57590 57279 65788 42271
32617 66126 1772 10599 18771 56410 31598 2463 59611 286
37909 33828 2222 62736 60498 43058 66874 63957 61626 65356
20392 29014 65341 23442 20734 42849 38316 27592 31208 29285
24923 34580 50481 10217 373 3459 42116 34594 38051 57385
66066 14294 36343 502 66105 42863 63860 2698 54273 10794
21745 21690 47469 21701 29879 18433 22181 14258 51206 25653
16579 44736 61704 22175 54317 21184 21944 46535 23270 42325
56617 34593 49016 48805 10859 531 54254 587 16426 37944
23214 14514 53055 61960 59890 62490 51929 23301 47338 41932
44442 58353 65217 62741 63627 200 562 42296 15878 54549
7160 4084 36835 41921 47767 38144 35708 1115 47448 55199
915 4817 55277 53054 2390 31658 63547 67890 22030 25784
66439 63992 66990 52096 66470 32817 22035 35622 21962 13929
47795 49044 40962 50549 65198 65222 47544 18430 66044 62053
29244 62153 44246 53873 47655 4241 51047 53409 64540 23771
20768 6341 16569 21189 63421 16585 855 49134 14510 1000
100 42006 9657 49531 40823 18737 3445 42963 174 34520
48440 38218 52106 43448 47511 14294 1449 54168 34902 42003
54168 46657 33186 3793 62806 42327 60719 3849 50819 16578
46465 5695 9944 12652 1813 217 27834 7095 66191 53395
10247 31971 61948 22617 9214 5676 54575 51251 48318 16657
22401 51205 22013 42353 715 53655 39897 58561 150 33247
47542 52558 36388 1717 7715 12047 3419 49500 49444 136
104 49060 4497 1442 42271 23714 65788 55725 57279 47364
67878 49647 15409 54803 2631 49632 14631 21149 58251 63732
32701 37898 66153 37157 32738 4613 59503 20844 32652 32681
67858 39980 27486 49132 206 35314 32640 40619 2257 57354
47581 63648 7194 53055 10494 61960 52006 7166 60561 50948
43715 48890 62072 18247 5050 1030 43777 54589 29208 37255
7143 12092 1728 63830 36672 49011 4524 50571 51991 38310
10490 26093 21641 10382 54168 4473 4871 53736 54572 51919
47542 314 127 36388 55456 4348 33246 4459 51571 63713
3036 7284 55362 52984 61655 66220 47247 28111 1577 2990
46084 38168 36092 67912 2498 38245 64097 5003 41015 58022
54661 62098 60829 59605 1792 43061 5242 57213 59872 7741
61558 33926 40955 18435 32681 27669 36348 31596 47003 37671
684 21691 8801 21186 265 35573 27435 1419 61698 48777
5029 289 19654 288 18755 4625 22171 20746 19494 44753
59535 55060 45929 62889 35909 36307 51068 22597 65434 55003
900 56409 46648 635 51149 18880 18434 56410 1846 36436
22191 63993 26736 1438 66126 35573 527 566 18771 27475
18847 25194 62692 5035 26360 26336 17095 26282 26339 31101
1854 39330 16076 61030 19494 19580 58311 63812 8428 41023
19893 23689 20440 4570 43922 10407 24388 46338 53481 23421
37757 22197 13416 48720 50791 4099 37725 12902 2393 25903
183 63957 570 52715 38017 61626 58568 27411 62736 51181
31056 2373 48696 44407 31084 55486 3612 1521 3314 60291
21934 56335 36844 4611 57642 32622 41146 21936 32627 35735
62931 1024 46185 49479 2706 9609 42029 7286 27495 27489
18425 10853 10848 51811 63748 46997 57408 66572 244 46565
12934 4675 7096 14344 23640 36266 44277 30936 17017 5327
63409 57670 39371 4594 6494 19054 2346 4552 52912 38025
2894 66033 48726 55261 25681 5280 22469 39431 5305 3598
23583 23516 41718 23542 757 36662 39362 62812 27897 230
35656 10325 27824 38811 45070 35742 35922 9985 45196 56383
16280 55258 42211 16597 16258 46089 61864 57257 4009 48299
3348 1763 61916 21811 58323 62552 31731 58317 43565 21093
5365 39375 22670 2841 7181 5115 45178 2894 1156 45169
7782 56604 42029 63911 1978 1746 27489 51836 47539 46860
21425 25780 49471 17033 50801 1911 220 32714 27895 2308
25111 57468 56355 2188 26856 30010 11957 34781 38806 2899
2483 50362 63763 2264 66004 21883 44325 7797 66460 65799
13669 48855 53575 48477 8430 17498 3737 51517 51602 7272
62498 30935 55306 45932 44977 52037 30889 3719 16513 62425
5386 1890 62029 1821 1781 1838 40031 47087 179 4603
49289 57290 46430 39309 1459 51149 36094 55339 40032 12028
56811 2667 4492 1419 18767 51168 7749 3440 55939 40619
4491 4669 55939 4497 57696 2261 2667 1098 56612 61652
1484 49048 34950 29933 29946 48842 3369 1802 10854 27430
31567 57277 198 53421 18737 3476 49531 121 56370 100
61574 42278 3424 4692 549 3994 57659 46981 50854 518
856 21149 4137 4051 54891 892 7734 40590 45830 27448
43819 37321 37320 1417 53333 37330 23812 49059 37316 37318
3481 26804 1469 43492 45175 52241 27416 38180 40884 53659
1890 5380 3881 56741 63972 50584 56697 27518 4076 37569
4671 581 1844 62921 4471 322 52976 62957 57589 57979
65066 16221 42075 50541 48309 21711 48466 46020 4080 53424
34966 51522 56573 64601 1578 56972 54452 59086 38461 1706
150 63957 570 38017 61626 9755 52715 59503 58568 27411
7073 36770 53349 61000 63812 44772 35929 59847 4528 19607
46089 53687 61864 10176 67648 1159 60835 54561 7206 22229
289 43934 22514 29817 44277 23694 7096 14276 12934 23621
50678 56614 55182 59492 555 56385 45192 55489 7155 61814
53312 51998 49665 57701 15552 65716 58767 42214 33136 21652
56878 33757 28660 2055 36747 60959 25154 14556 14212 25563
5311 56030 49361 3612 29163 18815 8604 3284 9520 39756
53157 62018 35472 19888 61621 29447 29450 6318 3330 2432
34674 28122 16001 38931 32327 1933 38957 2859 67824 2825
59434 34129 29549 35108 5112 10210 25649 14685 4081 64076
63558 44050 28370 14010 28472 31038 6645 61059 44400 8079
51872 28061 29492 10661 19187 43959 62131 62071 44384 11106
6806 3795 1424 57478 47509 66560 18692 52990 14662 29894
2397 57209 1596 56717 54203 60464 59527 45294 42235 49752
53421 31567 26673 39320 174 29876 3404 49531 54602 39346
65867 62461 21950 16596 21919 60672 54304 14282 45148 14678
2244 44364 42296 65217 50319 61598 17443 57979 44174 562
54922 63939 27213 47761 7979 61811 1614 53317 55899 66802
19233 213 219 736 7386 12912 717 701 59957 16632
40714 40713 40727 40694 40735 40707 40706 40700 40734 40693
37152 977 37689 16527 4904 32286 25046 6314 57678 25840
45436 51441 26539 9253 8892 35128 66135 21824 25385 44262
67858 35314 39980 49132 61721 131 56807 34552 2695 35328
1574 3788 4037 55361 54642 46178 58345 64848 62789 44509
38052 275 32639 23847 34532 32652 280 30031 51049 58334
37142 46560 17033 46511 52402 220 50801 61561 37745 46561
1438 35573 10795 141 21710 36807 67032 63993 66126 1419
10663 33792 60605 14299 16470 34662 272 5892 11958 25049
37178 40660 40699 19732 40738 23544 19985 40687 40692 34968
219 59957 202 37674 2847 7384 7386 701 2272 16992
17619 3969 33597 24895 40053 66726 49000 11209 773 47513
47498 37753 23824 3445 29967 18885 34961 2297 40814 38715
55947 36640 14787 46826 9129 57756 12491 14828 46974 35148
27834 27630 3081 14843 21647 38789 9129 55026 19117 33759
39949 15972 34616 54871 44779 17725 63432 11844 63939 46566
213 2847 202 59957 54221 19233 53396 54821 17017 7386
17033 50801 21058 164 64852 209 64859 25781 21425 64856
28152 25532 15431 1735 28161 16982 6312 49653 57245 744
38742 19852 37154 48815 37160 250 11966 35627 46530 22427
54098 17802 913 2267 39958 34351 23273 57143 10237 47505
63499 58294 44606 8397 37726 55087 16686 55085 37480 16647
45040 237 240 63436 14234 46515 44603 25342 58589 6663
21612 50351 51873 54930 51903 53290 59559 14680 51799 29153
48947 56240 15022 27697 32336 49830 57765 57362 54541 44501
5455 23641 32689 12831 3763 50542 44753 46998 10008 6457
59197 22605 54821 5327 22169 6568 31499 22307 14960 8510
4424 23583 2269 773 2416 34968 13586 1584 39476 23705
3336 57240 685 2037 37500 57143 4440 57747 10237 4448
62968 53703 9663 33624 6420 24848 23884 18097 22641 19491
41890 26689 42013 51782 52887 57323 55200 4748 370 50603
852 37296 61636 57351 3414 25861 18754 3468 42078 62397
37528 1514 37693 39617 51466 59850 58375 995 10014 23544
31810 2099 57750 65932 14844 27192 31150 499 36266 46968
45040 3332 44603 14240 3944 44180 58589 225 9818 62738
54706 55521 12646 21315 44956 14584 14306 60564 53500 9341
919 3369 1802 1730 2726 241 34925 2147 2658 2768
45040 225 237 14234 46515 58589 47494 27711 6663 6725
7282 3883 58295 19866 29866 30053 556 4328 30027 1739
65994 44714 31658 23694 13416 43548 44772 9967 32634 22197
35637 37754 36823 6725 28897 14234 31782 38021 10674 12478
51811 57408 63748 46565 37995 154 66085 3471 10848 22698
749 52978 57358 32625 21186 10226 1427 37325 42109 21691
27764 3743 50569 25647 21513 21657 3598 66033 4138 63300
20780 45246 3340 241 58295 57681 3883 55939 3440 56612
7245 1818 66107 10801 18787 33828 62983 49683 29950 256
3480 26680 57713 39320 1816 57447 10812 22702 22100 3404
37154 37160 38742 35627 32286 22427 63355 11966 22256 44214
52921 34524 38699 23802 34528 46555 38046 26090 30376 62903
44217 36864 50462 22128 55359 62489 33770 37559 44668 50313
44927 2471 54597 59472 17580 39988 58357 51558 46572 33763
17249 53088 67014 14795 16825 17156 13567 46540 55414 13571
46507 35396 55440 61577 18115 59472 37092 7342 26154 16916
10801 5011 56240 53690 62983 6332 1772 7245 43916 63515
13872 37940 51210 521 1411 40334 44913 55029 34553 42344
58354 44626 61007 21059 1514 58518 62436 58322 63877 288
52716 36735 58388 18379 7095 46465 21341 29734 36407 5695
12433 51139 30042 43812 8450 61739 28114 17692 7316 38815
60766 18773 35631 42222 64532 21965 30334 62953 18726 6697
23511 23544 2269 14239 4983 54798 37545 46159 923 9942
4740 48244 62264 371 55445 46860 287 1461 46659 52976
270 42358 66058 281 2218 517 3410 26680 57447 63962
141 61698 21186 8801 21691 67870 62925 48777 56497 54742
3478 3436 43116 938 929 905 37977 62901 34566 990
1404 63962 29953 52975 66121 1403 49046 373 21702 22176
280 140 48761 45862 32778 4516 22620 66139 40955 36348
18786 61675 287 2274 1444 3347 1892 18783 5094 59468
264 66058 3456 517 62929 57402 56404 63962 3410 281
45142 19185 557 35365 65994 5674 19745 14665 13925 39708
12811 37711 17643 26159 55025 17143 21138 22307 55024 13962
6333 60731 48745 2452 62939 60031 7797 58403 2361 63403
24481 22171 1693 7011 289 18755 51312 22514 46877 19654
32639 208 23847 34532 32742 280 38052 45417 45840 51049
1854 2768 61663 65793 28149 37153 10795 48777 47576 58295
499 49520 51218 60251 10130 65932 57670 12410 27192 6494
47527 3355 65805 34928 13598 8374 40032 65032 34929 4378
66721 3228 6902 40959 67371 34910 9942 49531 34643 42006
4516 11793 15049 62968 39798 24919 19491 33926 38052 34519
264 270 517 2218 26680 66058 8832 3410 3404 39320
10008 60194 1873 10006 34923 1734 62422 34924 12263 32736
10522 37723 7370 13471 51217 7361 44913 66340 39650 57327
730 62918 34569 990 62901 991 13467 10518 34566 62965
26709 3343 46860 27525 25324 27462 62264 44359 52395 21730
4697 66656 20771 46349 4471 35573 52540 1419 45395 18732
18786 2274 269 61675 18783 4671 263 1892 46383 52976
3763 63918 142 44626 57652 289 19654 25703 32689 58322
186 142 22514 1693 7011 22171 43934 44753 7096 5029
57342 62811 12283 4902 34968 2269 1801 64802 22611 39476
53714 14402 34884 49646 14943 6937 2852 14953 37479 22543
28005 39450 58914 41537 44201 45368 46501 58916 33874 10839
37108 55023 26151 31920 14456 22269 44752 12601 23806 63361
9093 5932 65825 37090 36364 37152 36135 30012 6739 8111
35084 28659 56197 4847 2459 52928 30990 34608 28898 55370
58643 33559 3476 771 34936 37681 10232 4918 62951 1479
14344 36266 5327 8510 31810 23640 59957 2847 14844 14822
49132 67858 1039 3878 20775 18729 34560 131 206 67869
47942 10863 26537 47470 10865 10866 38019 30328 62903 43989
29584 21920 42061 52090 50343 29032 32759 50828 10398 54247
25898 52211 1152 15460 20349 65817 15464 55325 3961 2721
29630 20377 60398 20382 40846 60646 66903 15530 47439 3428
63720 42327 54313 56344 55497 54295 30302 57296 54277 21946
52232 63059 21954 30274 52271 30330 30300 3955 52225 45994
54235 597 54277 42207 63736 58252 57506 60968 54251 19881
16553 33798 52903 8419 44884 21347 20654 26169 62501 37110
25635 43502 4516 66153 19784 27669 67880 10520 33926 36348
46844 19879 38572 59467 35360 21918 43503 19883 63699 35618
22689 7328 38222 27731 56608 26170 10541 23868 23872 10871
4800 38702 35577 60748 30163 35580 58649 57326 58805 58762
56759 57604 572 66123 61149 52251 40326 57894 52271 54319
27731 38222 17049 32766 43065 8386 52980 59509 13496 21923
183 42353 39539 150 5000 7143 37530 4331 38174 58531
37491 2147 51190 37312 18765 4328 47542 40199 136 53311
40350 45398 42086 35614 18482 56491 8349 18503 46853 56497
60112 24844 30367 57224 27997 54287 18676 33640 66102 28533
32350 17751 5252 4994 5237 17752 59993 55936 49781 653
64462 60070 40236 49538 2936 56327 19692 46263 54923 63709
43344 56051 19281 42694 52750 15898 19041 51 20030 19461
57788 21946 55690 30314 1437 21655 48976 585 46966 2605
18283 35770 47474 4673 23726 45860 988 59485 806 4577
581 60752 62957 180 62947 62921 51150 18709 21755 42016
2716 50838 2651 18508 3419 371 1496 1525 50652 63965
21743 3813 4640 3991 32725 34933 38102 58628 48827 1545
36353 35466 35465 54590 36398 39984 66146 44932 9817 57210
27672 14245 29514 44089 61714 58634 60272 45207 4585 14257
40019 12894 62260 63341 66461 3285 54274 57106 62095 65942
55341 33485 18650 19737 30930 13771 66370 6362 40188 34931
18484 22612 21802 26156 27880 16436 46532 46816 37734 22677
57772 6263 49130 49049 36063 37996 4379 39979 39620 46508
51548 63449 61564 12060 10627 11130 10475 58426 39976 39410
7247 63423 501 4663 17578 40011 51228 14663 43845 40000
56286 6391 18751 60310 1452 41007 13924 63760 35543 46611
37702 3281 22362 52365 64857 8275 8502 3225 37676 3232
59517 55979 67030 2788 57055 41355 9926 12693 64813 1306
36012 16599 50630 31777 31769 48733 49127 25001 43511 59525
2719 1245 37223 44502 2782 57492 58311 68003 35633 21630
41915 60874 67788 66892 54595 65244 44757 65243 66890 62250
55481 62266 53439 21938 32767 7167 24141 48997 5033 41956
27140 61775 42208 61705 57600 60297 10534 32767 21938 14990
28526 56901 27891 63213 29538 38940 28045 24655 57734 51982
41902 19800 66162 63577 14263 59510 3078 64156 21185 59481
2212 46367 3876 23523 2653 25701 2434 46642 17060 5181
53349 42670 58345 12905 22259 12927 35431 36770 57422 47792
16469 24103 6133 58387 26794 6154 63925 12253 53513 14568
52032 55074 14350 57605 47352 59475 44391 29559 15470 43904
8579 45712 6083 7139 8275 22898 35853 7176 21784 3786
3734 21897 1451 46620 48952 28152 26792 28161 41963 516
4645 32659 59600 64973 63695 67941 3861 53525 17074 14626
56229 43529 36323 12986 7797 9630 2686 5031 23251 9627
12057 1021 62070 8769 31995 58102 4043 55392 10169 47167
47046 17014 26134 6471 62978 24076 56904 13855 52384 66836
41014 21687 63695 63882 39989 14513 49131 15333 30341 32679
48387 3719 52312 31803 43459 61001 10455 53370 51124 63457
17577 29006 58252 16985 57603 33779 61814 21891 29053 25524
26750 64033 63734 52970 19942 21915 14627 30173 63346 65811
66925 67830 63680 63414 51961 48727 19870 44871 46483 63741
4098 47767 18279 941 47265 30242 2470 53074 1473 7145
14625 61770 21732 7782 45722 12084 14623 21706 21146 42781
26178 11939 42026 4626 21937 35456 13495 1814 58792 48941
61810 63791 44368 28842 53304 66004 49519 57180 52537 50987
48437 8867 62052 44024 45829 9280 17039 2359 39658 22242
47044 13862 15064 29015 46602 59461 11932 11923 46961 61055
54238 47352 4746 15471 46985 15504 14031 14046 15466 60472
3849 33186 32735 16578 32777 123 54168 7196 38324 22201
63894 36843 25702 64405 47448 6571 2620 63902 32693 382
21417 59622 44345 46912 7469 32936 65040 51821 21462 1737
8406 58098 859 50787 45353 33868 39237 27536 2265 36953
30216 58608 52930 54231 38326 2618 22192 2282 14203 38318
2630 16580 63342 61701 58250 55500 67941 51782 4748 17074
48244 4740 1496 62038 1892 263 57279 54802 2651 46860
7143 63332 2757 67843 32608 21108 49011 32614 30216 4608
42116 50481 29953 108 10217 24923 52975 4436 47515 57385
58136 16581 42868 55200 21683 17000 56320 50624 39500 22063
29602 21950 21919 65916 14080 1178 59858 66705 15515 29558
4831 18427 3398 58336 63877 55277 42934 3889 60194 44681
57106 40258 65942 41977 30913 49673 66434 22193 63341 58340
31671 23397 50289 27177 31784 31820 7331 7177 45168 21935
4034 51985 21147 2434 10479 2211 21799 43494 56044 44907
13582 33474 1950 35717 57783 5888 3399 29105 21421 7336
55199 31780 65060 42075 2677 48876 38119 53424 1856 47767
65286 1997 44272 50821 45996 35127 16309 32845 43968 4473
28113 51869 58009 2420 60419 32735 24147 63794 15363 15392
58373 13847 4550 17042 36881 25153 43456 33901 64016 52899
38191 2476 2757 4684 57518 37984 37986 39651 2231 49458
49603 57201 58141 57964 56777 51137 65024 27637 16329 44798
21525 36108 2481 32696 31558 40430 33008 55681 1155 63031
32783 9537 35606 3461 13474 13513 17049 37915 21923 312
57258 25228 65999 50298 22880 2033 39628 14906 60844 60979
60831 41919 19840 16286 25721 17038 66978 61814 16578 63287
62475 31741 33816 30116 38219 36603 46603 58779 52903 51985
30806 22532 4879 58599 61879 30613 25343 44267 19742 42014
23553 36799 19713 9927 14931 35871 8164 55959 2074 51314
55401 7188 61745 36813 62807 10465 35672 4084 57545 55390
14596 18968 15227 56244 51998 21905 63707 64918 58767 15552
63278 15635 52985 11070 22219 12178 60516 19089 9754 13931
52238 58347 53394 30254 50823 52244 52218 32721 4795 52248
47050 56291 49032 42074 42326 14219 61718 54207 63287 57608
15464 29714 15511 20428 15138 14678 3296 15544 15515 15489
39244 22814 15217 19017 13083 35553 24015 6733 46081 11048
14085 6943 67699 13257 24758 46744 66328 35124 2036 65986
6640 2412 31700 5657 62413 67661 6932 28763 49672 6048
3643 1280 7210 13447 12576 23342 39819 23330 22742 28531
25289 2791 16124 25243 63813 31056 48362 59912 4599 2299
66662 28329 58015 48627 12002 25223 43306 5602 19266 54504
58135 38361 53611 56912 53584 64114 20531 34366 63134 57018
14097 4405 12016 60347 39716 1794 28146 49411 46380 21368
7994 28677 38214 31148 49070 54087 42685 24480 12794 31901
23377 29881 8548 60919 5807 59314 59755 18846 54024 59103
4541 49502 6113 47131 44837 59282 29210 47660 46072 48597
6766 36171 17398 17180 33072 34062 23219 23902 65812 63926
23185 55357 31936 2119 62068 59085 51097 3732 37271 37417
3120 63135 51864 51905 49590 1712 51108 45488 43721 30558
37986 57694 1824 64081 33487 55536 31775 12119 2713 49045
26731 2243 63158 8827 57784 12103 55361 5398 29172 63315
60130 41037 32492 23583 50812 62081 41370 158 39452 12030
24784 32545 19615 12355 31903 3724 55358 23293 30609 60973
21797 35460 37455 9569 65765 9701 37410 31904 25882 35642
7895 31860 45104 6829 16689 46903 17111 27600 24343 54977
30675 19660 46116 30738 64385 30743 27976 24017 15163 10460
41215 2213 2950 4327 54747 51740 4365 54966 62131 34481
64219 56425 46021 48744 67935 9429 27541 53590 53155 23509
26144 5358 1901 641 49357 19036 10057 25813 20416 8647
57944 39538 63212 8082 40800 7901 50089 5472 8058 8062
55351 11799 48885 28548 47816 1969 25920 45397 18626 42709
3067 23570 20678 60903 35111 53527 17430 19095 7477 4092
29644 13978 6706 52342 12017 55636 28813 28424 24531 22392
3334 40834 38435 21708 17675 11445 4468 17414 57934 67998
18660 8816 9767 51719 8803 32269 43764 9540 53769 4744
34120 13298 6917 39175 21553 14270 16451 39139 4362 13320
29153 60367 51903 67633 60382 54929 46356 66007 49731 51105
24158 63114 29518 29485 4126 29454 6652 16093 31239 50810
22586 25638 29221 25289 404 32224 51994 52083 41391 55545
4590 35877 9059 30024 48877 2781 2828 36381 26809 1971
1600 63198 24672 12399 42267 56655 47996 39536 38952 48008
22787 60921 41905 23217 59149 48414 5663 59583 41989 22230
34014 3732 58157 4688 30621 34446 2427 33905 3836 614
62916 1865 7704 66367 65755 3812 55094 52203 14248 36399
66875 32541 32512 48712 49426 33453 36159 16180 8593 67083
42778 36608 2478 65494 45741 2680 2713 45721 45722 64826
21733 34156 12036 55480 5156 59078 27458 42205 45351 47561
27755 26909 27784 27727 59891 54373 66622 54605 39270 56108
66472 53550 47644 54223 63879 5990 63134 18801 61945 57148
23959 16364 17788 47648 61751 21644 62121 9234 11042 10731
51517 59822 38172 54990 32790 37905 1826 43713 7301 59544
58157 35154 54754 39568 37425 2336 37424 35509 67611 59953
31360 12142 37379 54704 21744 22840 61082 24243 18627 7997
63777 25876 35437 55871 20652 33413 3553 35308 15429 61032
12926 53395 31639 36798 35729 30632 9557 1784 1964 26255
19918 47244 56962 38229 62148 1428 40395 47603 47604 64107
25410 25429 7030 35649 3244 16463 24368 63232 7082 25421
3533 40453 638 12745 13156 3536 56012 12743 12714 64302
45062 7792 5294 706 12009 62687 44291 869 2597 56943
20584 34476 32432 6176 48097 44292 20533 34423 23346 2913
10992 47250 51296 32532 12218 13032 59926 50444 11362 44518
11436 11441 39094 59913 15896 34997 31846 11100 10273 738
6053 14752 32842 32561 13622 10209 39671 27033 23491 22268
37276 22218 35485 4059 19612 17133 8534 37283 30840 29401
25668 25918 12900 18573 16098 14840 5487 17724 43943 44638
28270 31968 23048 45279 11335 23835 1093 35037 55717 23107
13641 49349 2670 1916 46402 8676 8748 41998 3524 3818
27977 61139 20895 14980 13461 55700 58809 37093 50695 20460
15636 27738 15086 32285 5222 40526 27759 30045 17313 23345
36236 5618 60949 60107 19093 63503 13879 45382 42763 51283
5254 42892 43739 5159 59397 4241 55254 40625 38373 51332
60097 46689 34951 9718 66052 5611 36084 2112 48422 64397
30589 10603 41365 37552 61978 5196 43443 11788 63468 56880
9043 19361 8992 40791 6955 20926 19415 29431 39874 9021
43290 64280 64735 26158 38595 12779 36158 15703 15145 7210
41125 39134 39180 39159 13172 5699 22781 471 22824 46033
59221 50950 13191 65183 13292 39158 39159 29681 13257 8521
46421 12711 47251 15116 15736 64318 8920 13340 15095 5532
25681 22439 58296 4696 43453 21680 66404 48726 12549 46979
7784 1685 56581 57212 16571 4166 3585 12032 1421 1318
4326 7934 51992 6646 31952 9535 21617 49529 31760 60305
51884 30628 9175 66420 3223 30642 64070 28177 33886 39387
32984 41340 8746 58819 1400 15084 48886 6991 60416 3570
29852 48587 37644 38467 45090 37221 1503 54421 55343 55654
5155 52899 51061 17583 37672 46561 33533 31694 58365 36881
47564 64989 53538 59615 51144 37615 14327 45264 63644 11050
39659 64871 46912 3080 1666 22601 8651 3060 25077 51821
47558 2095 21674 7927 53022 55662 7969 56074 66612 49329
18066 45402 47492 26180 31623 7361 13471 22003 1411 34553
5045 51187 55032 44722 46917 23524 30618 21647 33773 17583
2353 31912 36372 40754 7232 1779 49010 3935 38479 20433
9062 24617 54676 67004 3025 10272 57835 7223 36973 2432
46054 41930 52464 61544 21618 7755 23278 3739 53062 49040
65253 5320 48995 43758 43708 54776 54994 67905 18247 50348
31795 718 46573 44191 4598 26941 31808 48941 7177 55049
67912 54768 51828 36771 38168 58547 54769 34926 38247 62030
54966 50369 57289 23254 4365 7760 12067 53536 56436 50348
999 66926 62908 45952 55025 12811 26159 17643 17143 22131
7935 66926 35850 32711 43816 27836 31709 47532 10598 63169
45894 62922 66115 35575 30359 54231 30302 60746 38326 30141
13521 31550 32752 17014 13855 30343 6471 26134 26133 24076
3428 60646 66109 62955 47439 57390 59484 57293 58797 15469
63669 57308 40854 58837 53795 54186 60411 60408 61723 60438
31301 23774 42162 24303 7116 64255 27531 50623 27595 14099
277 12410 65932 2099 27192 11082 12811 44600 49520 46968
63971 44738 507 52942 56802 53677 34598 3420 38047 25764
22180 40011 4663 3406 66856 30216 22192 51201 881 6313
60824 10404 18419 18033 32855 23620 51243 2698 38218 9544
48442 26726 42238 59600 21196 50842 53011 38165 53008 49317
516 744 21897 25532 16982 34977 62909 541 42664 3734
25860 16829 12610 33221 44758 43919 63594 66723 66896 31031
5322 50984 19880 21724 881 55770 57251 60233 2639 21655
63971 56802 500 3997 34598 55342 30335 42344 44738 25764
3993 2490 44903 13887 12263 27216 3897 6739 13588 22030
64068 36039 16503 21953 17043 45850 30135 4844 21955 57883
2498 2470 55508 6549 2365 46051 55536 3760 64067 54796
63386 55047 21702 21107 56214 34532 52975 62886 4436 63746
33939 32744 20397 44923 33946 51362 20400 15840 14132 23894
51766 17209 13751 17034 1481 36815 30345 57683 17064 47500
29019 30141 32732 56342 59435 51177 40020 59674 30359 38317
32614 372 21932 49011 134 7705 33145 67843 1820 32605
52966 504 3734 10859 34977 21897 62909 531 10862 744
62929 66058 270 3410 57402 56404 4695 62900 914 13456
55766 55678 42278 67871 3994 38020 49091 23829 16586 61574
55733 540 2288 60733 2617 29632 51597 27412 57674 33837
48942 16581 53525 30341 55497 54546 55051 21737 2618 6288
47500 63437 38538 40334 47450 64211 1481 66083 10522 257
30323 30145 6472 35554 63687 36523 59447 57273 44874 66564
564 52910 47446 14355 53446 522 54182 32620 17019 30323
29003 21877 57599 22203 29010 60618 21714 25720 40320 64025
21900 47466 52269 25578 4097 56341 30145 47446 30323 58593
22186 38326 25639 38047 25720 52961 66564 32670 35554 32626
58035 60712 34903 6277 49446 27475 6278 47594 18771 59611
19204 3446 1463 3997 154 25639 56802 10848 55043 25764
63162 67945 6549 35626 57694 61052 16517 63837 22701 56178
65857 57260 65349 29019 32732 3443 57403 33774 21737 21163
34593 34977 10859 48805 112 54209 54931 587 21878 54254
2300 47618 63747 47595 2381 45373 55542 51237 65568 61748
55353 16646 37250 43552 54549 66441 65878 29737 40021 59194
1021 65222 20794 40962 49044 58237 49112 55332 10800 45950
54300 32772 54279 16557 46596 38778 65791 60740 62251 57619
34010 57325 41084 58506 27704 66173 39462 49207 67650 48480
34653 44971 46508 40966 39451 39932 58591 40239 21181 48703
40958 59503 570 43938 33746 10130 32593 7308 24904 40483
45393 51620 30322 31776 48887 41894 57221 29054 37971 4097
57674 595 49653 44761 542 519 32694 66872 35555 2288
574 578 54209 54931 504 28152 34977 21897 25532 21878
574 540 541 57674 504 42225 35555 66946 30335 519
13494 66989 10550 57401 6419 24921 17642 25926 54915 17826
1553 17005 64947 13457 56904 52040 37183 6471 47046 13458
57675 44203 2605 57788 32832 598 56232 16578 2209 35595
18518 2353 40953 64920 60883 7232 31376 64103 12043 36372
43444 33083 1523 14179 2723 65744 13179 1696 7793 45744
46488 32665 1483 2219 32638 9955 55603 56158 805 46639
3424 14300 59619 46981 58035 175 47594 50463 66156 21163
12389 24779 44286 21022 12922 14926 34694 49411 844 32299
47376 66025 67913 47380 27524 57177 51708 27447 67467 60653
35569 8809 23739 37326 37345 34860 67744 37169 60754 5047
27030 15476 20503 57618 30955 7337 30868 35934 57724 33467
63684 57416 22248 58648 33136 41887 13531 21652 32706 56339
7155 56614 6455 22011 1997 65286 545 4871 48937 56232
1739 1802 2768 58295 7282 37153 4328 62511 1565 24161
271 19185 39708 10260 28129 57799 13925 65994 37722 44788
51482 45835 27509 14357 3729 38208 49533 61701 32631 4651
54182 29001 32600 29010 58593 58608 16265 57599 22203 1727
59904 37714 16588 32657 21197 40975 47526 47625 21723 63667
4547 57088 17209 36540 47033 57264 513 1481 66083 21948
2244 60182 7143 12044 65217 39463 50319 49522 64097 7796
32678 17576 63409 40951 7308 37995 45864 32753 63748 3471
523 52910 47446 54182 14355 525 53446 19849 21900 54302
43938 16986 36758 17045 64967 51437 41183 57699 35554 63402
54741 27475 67867 27476 59611 66126 35573 49446 48777 29946
55764 56629 60176 30559 46054 40395 7781 1428 54779 38334
2256 2498 27509 45835 60184 38190 37984 47613 60110 6512
43747 5145 4253 7779 4737 65235 33269 58217 58498 7293
538 59503 40958 183 27411 10130 150 67861 43938 58531
54572 30245 53403 55467 26735 55572 7723 21876 23288 49442
40326 311 57604 66123 61149 54319 52251 56759 3432 32699
14692 48698 60924 62761 60166 13956 54800 61043 50359 49001
541 542 50567 504 578 21897 348 28161 540 28152
30234 53036 7201 55750 398 56232 55202 25546 58610 60831
55233 47482 58252 13853 29006 66966 13533 35106 19887 35459
60881 47521 60018 54799 10123 66347 31998 37414 40966 54003
541 53702 64945 59488 8435 54931 54209 37944 55044 7411
1476 34553 55029 52900 13872 1411 37940 16982 51210 55045
590 60743 42328 3921 30307 3868 39378 47481 30340 6310
62921 180 322 21755 7245 51150 4471 248 51048 29950
32630 67941 55467 61701 51482 54752 45834 27494 370 60158
22176 50617 1410 21746 63962 2647 6423 38701 52975 18433
30308 44338 42026 38177 50591 63057 21937 30312 61233 55756
57788 32832 21347 21655 320 21946 30183 46966 57028 46643
58595 45177 22004 51186 22024 59472 32814 14364 7342 58357
57298 54289 49016 34593 30191 53679 48805 66836 62978 30307
54768 59660 7758 64023 49533 52000 67912 62030 49510 36382
57751 21966 54168 46642 42917 34902 52106 38218 14633 48440
60743 580 30180 14220 56346 19919 39378 35608 47481 103
29916 59890 42208 42013 67023 356 3735 28976 32767 22198
19870 51213 60282 19900 24836 28965 12604 1735 46620 63414
1428 46054 43734 54779 7787 47244 64107 55674 47563 43747
54739 55483 39407 67923 60322 39445 62062 54975 54740 47591
540 22052 32809 66872 49653 16524 4536 10499 57674 51213
39506 39992 47463 41960 37137 7604 4081 15497 46340 55667
54277 305 19881 63736 57301 57296 21891 60968 54235 54233
57675 63662 60244 19881 42329 42328 35595 38175 6310 19871
59664 28117 30659 17836 37228 37217 17527 5624 61908 32008
42960 49599 42240 63530 7932 47235 65581 7220 35293 47558
35903 27887 10141 46732 10122 55535 43500 49034 20946 10127
4162 848 54723 10124 37011 16696 55578 18284 37014 65259
38206 10161 53010 53015 65581 31740 27004 49603 59727 55772
63726 55566 54793 39423 67837 43334 53029 22241 25671 55525
51261 32647 18430 65198 57551 24126 22252 43574 49044 6319
773 67865 39467 27157 12030 22202 50297 2229 3969 1584
55182 58610 51862 25546 50328 7201 945 31826 575 42223
47013 807 58683 37891 15186 16228 26152 13349 10393 13253
18049 57713 26680 66986 37171 32345 47475 22100 65190 249
4412 43862 9297 24786 4964 31416 11159 39509 44548 10500
19843 13274 7130 25526 1182 8702 23256 66702 49231 23302
37365 62915 66093 52008 2189 55684 7261 56394 34904 56395
27686 35483 33112 65984 44678 59057 14742 23118 61369 24511
34446 62087 437 38484 22107 10510 4330 31915 11437 8858
12115 2473 49443 47779 12085 43715 1869 66093 52008 21192
29996 37913 37421 8819 46311 63802 2711 13609 37938 30005
19686 4920 35075 48059 31906 31907 53764 40562 31944 33510
1386 18225 65258 5355 23334 3577 45746 14625 45722 32690
39523 20389 62239 54242 21105 25592 38322 24233 3913 20238
30730 21508 49350 27915 64382 46849 17435 4072 13282 30716
59870 64338 58026 28706 32947 7916 16048 18551 21428 21522
51362 9328 33726 24196 512 68001 50886 20397 63472 20400
7749 43057 21720 56811 33604 62991 37877 4492 26999 21171
65697 63789 39446 29919 36954 16949 44954 10623 9289 37463
63671 40784 25633 3955 52271 30300 52225 56283 56281 30274
6666 50150 65648 28577 2141 67977 34918 51348 15974 11817
57352 32796 30000 40044 38673 17746 23855 27065 26423 51146
59621 3498 3367 40817 66165 1077 56501 17803 43701 65339
40504 46516 917 34551 1427 25607 64322 25692 35301 62970
16149 66940 64262 30243 13656 39829 33873 27912 16152 5367
21618 7761 61658 23278 54945 52464 42229 61875 58484 42349
1320 56997 37059 44562 35338 56662 9347 22230 33024 34890
67823 40952 43125 1809 49343 51570 37125 53385 57105 532
20646 22984 34164 17719 6599 21180 26467 20986 4121 6653
63961 44346 37262 144 51149 900 56410 67872 54740 29972
16131 34056 41361 41367 5244 54863 41357 13091 1220 23229
17421 6574 22374 63270 13028 16933 17690 41751 24567 6210
12714 67957 1230 25977 3533 20201 41397 12725 2788 1913
10168 1522 10204 5273 10135 10120 43545 10196 10162 4685
49552 15364 61178 52112 30713 34320 24539 48555 32377 54664
24249 8697 26144 5358 19036 49357 423 36569 33209 37911
31749 36491 5178 5733 31735 27219 33526 63348 43570 60361
16244 36684 12624 51116 45338 56879 56292 61646 23171 65004
58065 43508 10163 18617 49506 65974 10154 31887 44798 38335
33403 39304 7605 42757 3687 45771 64798 64077 4591 35391
66463 64989 31256 59213 60974 58817 11050 25992 48334 30419
22587 22927 12746 33173 19627 8994 43320 5775 29635 20881
44349 3642 3300 64116 20099 47274 59919 19571 51121 8123
7992 58892 58871 58899 58891 58904 21970 58877 58932 45020
27824 21304 49367 33440 51092 45196 56383 12683 12688 37965
2002 1239 45617 64799 3575 46273 55993 11701 2858 13237
61842 24171 36217 14156 44981 55236 8657 10474 13353 2318
15051 55936 38549 317 41021 21717 32350 34184 21736 60033
37928 27395 25295 31688 15148 31708 64894 20953 9456 27397
20131 2324 8640 779 64822 64855 51638 24470 61195 66853
49429 33402 64303 4819 53407 702 39224 51058 66199 13155
42251 28021 56408 30539 3157 60368 59512 17747 25158 56613
29428 13146 14073 37097 13161 24001 16212 64891 15784 41716
34966 31326 66487 62580 9608 30543 67844 4833 44300 4003
32699 61069 54319 572 42324 40326 64006 13531 42021 57604
30716 3526 15127 64382 12760 5585 12749 3566 38724 27915
26109 33227 6397 36336 13595 24440 25129 25840 57568 26108
23825 46588 23818 44935 35850 47012 11197 48873 61231 47532
45061 40030 2421 42035 9622 12096 57091 1577 63313 12066
29244 53409 65980 23771 55253 35368 62153 25682 119 43179
32477 57901 23091 34254 31924 31932 6137 30789 46473 4573
43704 56486 62399 62404 30372 16167 62395 33580 10822 40469
47484 21766 31998 2243 12097 31945 11083 64511 12071 22729
32742 45425 32509 18417 45341 27701 34603 18420 9660 10243
62834 23541 22272 16199 46312 23709 5764 42874 2265 27536
23868 23872 13458 54229 22689 13496 24076 26170 13482 45837
40957 32306 25674 24223 28966 33462 29892 29908 32712 47438
22430 786 10538 23650 17642 10542 13526 7368 13494 7369
4377 3437 911 998 47487 47517 3421 62896 45405 8810
21347 37666 46643 14989 30146 30183 30303 2279 46640 30125
44661 16098 7082 24537 30466 1093 33574 6614 8493 3710
43051 56464 62313 43640 56528 62309 35197 39889 21921 8791
39952 62716 15274 59721 62567 37472 58569 32447 19310 36385
53547 45334 43242 33442 36599 63824 36169 38793 29544 5121
45581 43352 23253 39357 63813 30617 66965 4523 40613 40262
63372 22961 32579 47816 22941 30930 6354 64013 46822 10418
58080 8242 14565 44463 2538 37057 29672 20329 55421 5799
49023 5630 51739 26294 18526 68009 12006 28240 9237 26365
141 40269 35573 48777 18767 1419 8801 21710 67458 27435
3774 8846 40959 4440 33845 35470 67371 861 2410 39413
66964 31244 47495 63749 57723 56562 23066 44199 46968 11079
9880 63483 67435 46576 62248 59398 49539 65212 3413 63174
21988 40988 52933 12287 10591 35159 25779 33927 40970 58596
22011 16309 65286 7201 16286 41919 56407 50821 56232 2605
8237 65184 9486 15323 19792 16519 29331 11000 15305 66463
51435 45317 3475 53797 989 953 62955 966 61679 46279
64032 56411 48224 40623 29054 56341 47453 31776 33208 45393
55159 4707 59470 40880 58791 41953 53724 30316 45333 65359
25642 56338 11856 45300 57477 50673 39891 40563 2637 49240
47538 22952 56370 63964 1832 699 67922 8374 4360 39885
37330 37329 37291 67869 53333 37318 928 61661 37305 37317
7151 65863 60397 986 32720 66113 35577 57326 47435 29033
7968 56486 34535 22722 24833 62962 667 32402 62401 62396
56370 1832 22952 63964 47538 11071 67922 695 33556 34936
13910 14533 8230 17715 12301 17374 18602 55876 28649 45409
12912 7386 7377 11781 717 19233 31709 736 7935 27836
37476 64303 50805 53407 22902 60984 18403 1506 25775 16224
1309 26773 62267 63901 32419 12731 740 31755 16798 32254
64530 47532 66927 17825 16659 44935 19196 17826 57401 47036
6122 33928 3522 49185 1930 67989 18380 40595 41033 16386
62687 12521 41946 58111 46722 52413 35972 50449 61884 38128
54359 61789 54945 43528 31126 1711 43647 47168 3132 31104
22999 13189 10559 37850 40594 46105 38248 11064 27428 36586
722 25633 63671 40784 625 38548 20354 62945 3955 56281
18782 56806 34556 35422 62975 25933 56803 23162 37179 45901
53333 35328 43688 44279 43819 42101 177 37330 37318 67869
39882 32345 23822 23843 60770 51206 33662 37899 57348 60255
17077 975 59455 4243 59528 29838 52294 52261 43851 4245
13483 10517 20449 26179 13476 46991 13465 27021 26136 13475
19930 4552 156 918 4238 27412 4594 27757 39897 39539
61147 65638 38581 1570 49742 49740 1994 66824 18268 27402
19233 12912 736 7410 701 66927 7377 64946 7386 32711
4598 7362 7343 35456 31795 48941 7334 36529 59088 4511
48956 3964 61828 53795 62950 58821 29603 20340 3463 60411
41143 56701 43115 4994 40561 10820 39788 67456 39785 43089
24224 52890 59191 37174 23681 40592 12978 7391 12264 13748
709 63671 40784 25633 38548 62945 625 52955 56281 3955
48206 50851 48263 64461 58774 58771 46250 26932 51028 26931
43635 48211 43675 64434 61025 3495 60051 21981 42221 930
1318 39428 40331 45723 50350 44539 24087 33087 42205 47622
28347 49354 32225 20766 7412 36253 17686 23636 30827 3714
35656 10325 22169 59197 29405 3844 14526 4908 52034 52896
60332 55543 49693 52330 6702 14760 22870 55307 67082 25801
57226 52923 10517 13508 714 27437 15012 57262 13476 17076
62901 34569 284 62918 34566 990 991 905 3479 62965
60750 54259 2633 66969 13509 13518 13479 57896 32840 59088
48966 8374 8839 56491 35771 21166 39885 24893 22952 21984
13916 48872 2575 34877 17355 21419 2561 28428 42942 30845
15110 27780 15150 22759 12576 28134 5582 13447 16784 25667
42677 62515 17450 53900 50037 1088 18295 58490 8323 65690
66927 63169 7386 31244 12912 31147 19233 44935 717 47012
20411 20831 31284 27581 24062 45105 48243 48992 55235 24860
34200 39767 39094 26331 15874 22323 6002 34997 456 39813
47302 48140 28748 67936 6244 7706 28344 44438 58230 27550
5219 20257 19511 64740 28425 15662 1309 51129 32287 16183
61346 58469 61337 41490 61258 61281 17722 10040 41234 35036
43691 9659 66509 34623 51671 58583 9814 27233 22127 9324
19329 28179 12897 5261 34013 9088 67789 57934 30621 33036
23668 62909 16982 504 13525 64945 63679 66991 7411 8435
40463 56001 20322 40511 17563 15912 15155 1297 1400 41332
61913 44911 41994 23975 56538 4699 4860 24386 25620 42787
3508 34085 29085 67951 13151 4367 4599 19466 33542 25981
31929 1325 28395 13838 32016 26327 65030 31951 34138 8567
245 52978 32625 55948 10226 21186 57358 917 37325 10792
47434 42080 43282 21549 1445 50968 18319 42146 18294 18296
15297 44192 13588 5158 27216 23121 16948 63918 10858 19646
34040 29146 64789 2781 5217 50766 35877 37934 46095 25384
64069 42715 658 37097 67579 66463 58817 63644 58034 14073
937 908 771 10232 62336 43694 51669 62923 39904 996
52914 64509 1866 60759 62983 1772 2235 5011 32648 6332
60882 40725 33345 41718 3781 1591 40726 47760 40719 37512
60882 40646 1801 40647 40712 41718 43362 40658 756 62811
46249 24128 44184 1208 4718 38137 49437 3674 7186 3537
55349 57054 46481 63828 4872 51124 53370 4826 25739 48387
33259 15379 63878 32937 66456 13989 18394 844 24779 13122
10189 6000 6117 52703 6483 42784 18632 36951 32163 8597
43692 9759 37525 9324 34848 65352 31492 39343 9814 46537
21158 47484 55643 4400 25940 7282 2799 2243 2664 1569
2155 62402 21986 24499 7968 62401 62406 58908 22722 698
48686 66771 46568 19532 14782 1509 26801 12903 16197 14821
54399 22534 46059 41655 46790 42596 63500 64177 63546 26442
25224 28878 1603 36374 67316 50414 51816 28338 52407 6213
48258 7159 808 29390 3556 64280 31757 3582 56010 11658
38562 65226 824 2542 50710 50691 45326 5230 39487 854
1960 35427 39248 50701 8446 39323 38173 45175 2453 1868
4314 43690 43694 296 10232 33559 754 937 37681 4495
22765 2723 45334 16228 37891 60480 61022 56280 15550 2659
39467 22202 606 1584 50297 67366 12824 55380 230 41370
62933 921 55005 30344 33602 48986 57522 39541 10865 38019
7403 57539 9012 15898 62787 20030 30459 44263 35856 56051
14471 19333 7446 17319 18947 17960 28312 17315 33670 9029
11221 25966 8571 19024 7441 20838 37908 8703 64843 11541
5217 41776 35842 3426 62831 52368 36212 55314 55271 2781
655 2324 24469 61195 64822 8640 20131 51638 24470 64855
47630 54062 15984 16026 59756 57015 62506 87 59938 15980
9135 32280 9151 32305 27921 24001 41716 23332 658 13161
19166 24362 19125 9433 57776 5858 35215 9361 62286 23908
52953 17202 30150 33591 24913 42865 34630 21136 35565 46632
43674 64212 45317 43639 15462 21979 45859 15530 53431 50519
26312 58287 59081 11419 45043 28781 8883 17730 3370 31987
673 13536 23650 66989 36505 13526 13498 17642 13466 57349
25015 7973 55112 37620 19074 15750 41042 16042 20041 4505
57240 32473 32471 63455 10237 32405 17069 923 17619 22068
2809 43403 31757 50898 3658 13135 38284 1332 4897 12716
26314 9028 33699 13552 30848 34211 11334 16193 39878 55433
15538 3491 43261 60438 61784 54215 953 20366 57308 15469
22200 38259 46158 64271 60430 56058 65397 14900 1900 62876
21368 39716 61891 49279 57579 65495 56538 60797 15659 34700
16402 17602 49474 42672 7467 7853 15889 57519 62686 21416
3582 53664 64242 2816 64326 7149 3856 42756 2609 4741
16623 22390 34196 40568 26296 30961 25158 33896 43759 39853
37500 2037 31361 3226 30035 17619 33851 63552 56215 39442
45201 4960 8476 36387 41889 36357 38751 64007 36446 61619
37607 54087 2571 60384 54680 54224 49070 1322 39848 62520
12922 21008 33511 22507 21062 62880 12967 21401 49425 49381
63549 63797 36131 7310 25387 4575 39698 36060 64287 39726
45421 8474 50512 60921 56080 23217 24772 12246 60551 3646
56283 30274 56281 30300 45994 21954 625 52225 52232 7184
59438 59472 35396 31510 64418 61561 55033 25083 18115 33235
46488 21312 58359 61050 2219 48985 66357 4831 32665 10402
988 4673 4577 60268 57313 27510 31820 51732 53000 4544
871 13253 8874 13349 10393 13760 37891 12817 33085 33425
7159 34057 64280 768 56010 34105 61063 1315 29390 47253
14886 61017 55959 46243 35871 828 50345 1985 66225 1135
41926 46112 1323 37876 18154 827 7904 44911 35891 18206
49143 49212 49158 12556 58554 46369 62769 35348 31455 49338
3819 2845 22211 49453 21453 19197 15875 39720 39773 15729
15105 51115 20913 3556 28482 3582 7149 3584 55285 2609
48770 5394 32304 5353 45672 8421 17124 25258 12956 21811
60266 62870 2817 62832 45933 61910 65073 25723 61870 4071
3661 52020 5363 4882 42765 2673 1920 34055 49191 52368
24433 42180 14946 63836 5846 17904 62439 51058 23782 6803
64894 15852 27401 11515 9383 27735 11023 23013 20277 9456
4699 3714 6815 25867 9497 39793 56381 24316 45641 6776
56017 57645 36919 18199 57467 19691 53695 17546 60984 22259
55960 46178 2818 39651 38247 67893 60990 44915 14699 4619
14934 18181 15152 17108 23384 46417 19620 63854 19163 15115
15851 8656 828 13549 61898 35939 15260 21417 52365 8502
14086 854 15481 15485 769 15517 50691 50642 61079 40614
12251 43431 43970 22899 17652 18343 24748 46100 35192 21468
1575 21053 33058 36440 57842 57845 57844 44831 28274 1256
41994 33259 15379 20248 810 39200 66456 37924 44911 1326
6530 32936 45217 19599 809 823 15382 50805 35855 62872
55809 40265 39845 14945 17308 56715 12731 61443 38679 32281
49127 16599 61985 336 42064 36012 1918 53052 59525 57115
10666 10672 28231 28941 28200 5351 12347 28837 37552 12020
18267 9353 40302 48604 3832 6061 29299 2484 4213 43281
25271 6225 40879 6899 20259 18854 12354 44619 34144 12356
14035 60898 16277 29858 13147 16288 20617 44992 28774 56900
62586 47388 65492 60873 45726 50301 1158 45314 54521 30242
15344 62407 33190 34063 54177 36212 34104 37917 16533 6802
44413 58554 5477 65437 12561 5478 56329 48406 7431 6927
17425 19188 13963 67631 31842 14770 36280 51306 6553 7040
22019 38200 63612 65251 22937 56299 54936 18956 2020 45165
22832 3568 16235 48233 55285 12734 3556 15707 15678 65271
21568 2340 9910 31293 64907 24356 35181 46226 33115 54690
17341 30752 23330 4072 67968 5585 13447 13446 32305 23342
42669 17380 16082 14725 6207 6883 51081 20026 5915 51642
24779 64865 21400 32299 29668 31747 1875 7016 6995 15379
4618 1226 65381 6731 21479 27644 36043 38075 55990 1169
5424 52366 46231 50929 32059 40318 5490 5449 38823 42953
14848 26885 19433 27882 12833 35987 56019 21244 48112 9403
37014 16696 37011 45589 4217 602 4162 1128 16715 16769
40962 47544 60884 62053 118 26671 65873 534 21778 51261
4043 53453 10169 66460 66430 23289 54755 36392 7797 9627
38220 50821 21109 49442 53736 51937 45996 32987 7183 38182
234 37296 3414 57351 61636 18754 25861 62397 42078 4382
64925 52753 53430 61025 21912 32720 4609 61719 986 29033
824 15481 61079 15539 1125 15517 60440 14086 50642 50708
14610 60394 16585 16569 14509 21928 54303 38150 37985 34003
176 15409 21149 4137 45830 27448 52434 27462 60176 129
66014 56360 37401 8831 34924 52913 32658 34923 12080 49446
61078 35724 51937 14685 8938 4679 32728 21606 14636 56178
37446 37396 2191 37923 3350 66505 61766 58098 12368 36964
35500 34401 3363 44593 35505 66352 3364 66104 5027 49840
47504 685 40959 27983 3774 51810 33560 649 9938 1770
30022 24121 9084 23165 55347 4450 9822 28671 49053 7260
12190 55452 51776 30346 57365 50741 47507 1053 3958 13912
21639 14689 22233 31174 30951 56278 60844 44230 51062 60806
33951 23971 39793 9497 55880 16292 24811 25867 28807 15492
35678 35848 25486 9170 67567 4185 24082 36772 8270 58565
25339 5555 2646 61896 62452 24770 54824 3818 41344 1220
2736 39255 1245 2719 43570 39308 63319 31103 55127 63883
28388 24978 47726 43541 7792 53805 47151 5856 58111 6353
22892 52387 62234 15512 54526 9941 42045 52087 60437 62222
33371 807 22693 37891 7463 58683 22747 42834 9988 15347
22002 21731 27878 47477 51244 37120 35906 63823 53541 30876
9134 67851 9512 28102 2739 49350 2878 35451 45418 66042
2705 24173 48877 16429 8638 10678 59151 65850 55995 13144
16526 1594 6816 41709 60945 53382 33463 48394 5326 63348
1652 33016 14658 1374 51516 43738 10049 43764 41061 4744
3254 16258 1162 65730 16280 32819 1164 57000 37659 1965
58261 41899 38135 3234 2461 16593 17240 59540 4955 59493
3205 39264 41961 66461 44255 61564 4955 8384 66723 2348
42355 1190 32310 38448 42877 58072 44319 2478 63885 14374
46636 60233 33782 48440 30216 4664 46602 66856 44363 46642
50706 61092 1353 1085 45285 58687 56755 48280 56672 5425
28981 46487 52215 66543 32707 14312 2420 33482 60776 47456
28922 15570 28383 39872 36254 41727 15574 9050 17655 64332
60080 48711 24815 58291 45672 4096 32304 44418 24810 64234
49468 44255 49472 42355 53162 880 51333 16574 9604 41297
39642 14140 4965 37888 47523 44979 4168 39629 6698 3364
66776 5280 53460 5350 4521 39431 47563 43875 66033 29256
22901 20978 55334 22842 35866 37672 30872 26153 33825 60841
51880 28011 50383 4587 51875 53666 19644 3202 53271 51791
55540 55546 18518 32667 64920 12048 25009 47751 44410 43554
27465 27447 40590 55658 27448 45830 18060 21141 54891 47376
41096 36652 14579 29404 29410 56376 11904 14148 29418 27851
34936 33556 4438 54285 60695 11071 58643 18754 35771 61158
44702 45962 6639 8884 21784 22897 59446 35652 35853 22851
1205 33190 9963 897 4085 66936 35842 45654 14973 55271
33190 16233 62976 33418 65840 65494 56879 40847 33377 27353
10226 245 57398 21768 52978 21691 62970 749 19241 1427
66064 30198 28971 66048 4844 61143 30188 17022 32644 64032
144 56410 56409 46648 635 18434 44346 63961 51149 105
20752 47046 54229 63989 46971 34577 4807 45837 13482 950
3379 63912 22254 55429 34470 3366 29343 17803 3910 59118
46283 50862 50876 39374 55144 1548 27769 27770 23905 1774
13752 17826 13494 543 57401 47036 33176 17642 17825 24921
929 62901 43116 938 3436 34566 990 730 991 3478
916 3408 7152 43505 3488 10872 13480 34569 34521 3487
59506 972 58785 50682 58830 59496 987 46250 50969 48206
937 39904 43694 51669 754 39437 4314 62336 39454 4446
4521 31602 4562 55731 51031 66776 26721 39431 65788 62944
28059 47658 9679 42054 37332 48847 37300 16006 3890 30502
926 674 4377 3450 62896 47487 45405 998 3421 8810
14238 732 35771 48966 21984 39312 39885 62397 1770 33768
63208 45140 10237 54098 223 8799 57143 20816 2267 43050
62929 517 3473 48989 25374 3410 62900 13873 66058 56404
116 53054 25784 63547 46080 47597 2390 55277 67890 31716
3408 27512 43505 3488 7152 10872 13874 34581 10870 13480
46516 629 25607 40504 1427 37325 62970 19241 245 749
53603 33600 37978 4594 19054 4552 715 156 4361 39371
20150 38003 239 3415 1730 54742 2147 2726 7228 46853
59380 46979 48685 2902 31159 29167 5243 47543 958 1447
55005 62933 22572 774 43813 27975 22735 39541 23837 18792
4426 15927 37307 35569 7264 924 60729 40537 37326 37299
14239 32473 22068 788 685 32405 3774 4440 38146 21970
4426 37326 52979 37348 37338 37299 37358 922 30027 37344
37292 43070 50614 1835 31594 61676 4470 56692 42120 47432
911 23831 3450 4377 62896 45405 8810 47487 3421 62912
10822 45427 63820 56454 56486 10811 40478 24833 58913 58900
979 37313 37314 37179 45901 37317 27468 34605 61661 37303
43116 938 905 62901 3436 990 991 3487 3478 34566
48211 60051 53429 42221 65917 934 52753 43635 724 61025
3433 10242 47519 24910 61193 10867 24861 64159 66588 56474
67960 11187 6919 19228 11161 55263 4958 2229 59621 45950
1581 2444 61747 44817 43039 2447 51949 7915 25176 5345
4733 42221 930 39291 48211 19756 24979 53034 3496 53429
35230 56416 10214 3414 18754 60695 58643 57351 10232 33559
63515 2235 49510 36064 30747 37118 2626 42348 256 65835
908 51669 754 10232 3434 39904 43694 771 39454 4593
43116 929 905 62901 3436 3478 990 991 34566 266
7334 43676 32840 66969 7362 52891 57896 59088 4511 46615
42017 60743 17014 13855 62978 19886 352 26134 6471 30191
44914 57210 53004 51928 47767 44910 61697 6549 53736 16983
57338 55611 33800 54919 4969 37562 21178 67829 26666 4904
60048 58518 44770 65043 40724 1857 40725 40737 31413 40645
18109 31579 36439 40608 58437 25672 2453 7714 35427 52284
5025 56291 56245 360 51862 607 54521 50328 41934 575
3411 51156 57401 54915 34528 34561 57406 47497 46984 10566
948 13517 4597 10521 37731 54290 30363 62917 57328 43676
947 13517 4597 62917 30363 13481 10521 57328 37731 43676
10566 61720 24411 57406 17617 62980 18095 23656 6419 22697
34577 19894 19898 901 53000 46971 20752 54240 10651 57364
52227 52300 52292 1757 4273 30236 27379 31570 52249 52237
7349 60473 13914 54215 57281 60446 61053 62940 60453 60411
966 791 51435 15538 46279 54215 61784 57308 43261 13914
971 50620 40345 50681 58806 61071 15475 64952 61113 18310
38178 986 42019 29594 15495 14107 58259 29716 45273 13478
57293 58808 66109 65574 61133 55093 47445 47439 25573 62226
3488 916 34581 43505 27512 7152 10872 62901 3487 62965
12089 59462 67623 17145 44038 34610 6204 42210 29172 53640
64753 21939 11199 7561 37263 10233 1569 65696 56358 48892
32741 7137 40021 16988 369 26620 32633 32669 372 17027
54269 2638 54297 963 37448 49131 16583 21895 66053 1893
58627 1823 55051 54227 56374 45171 28961 46649 60914 54313
961 54269 21895 21135 1893 2638 37448 16583 35688 54297
22723 19913 45430 9669 34508 993 57314 24419 3460 30104
34510 34505 10554 13465 13543 13477 34513 26136 13483 3479
953 46279 61784 989 61679 13914 51435 57308 57281 54215
56751 63640 57238 62941 63990 36532 42018 55694 57250 52303
50519 50500 3495 21979 45859 57293 3428 784 60646 59484
49740 65638 38581 1570 716 59444 50850 59464 4284 48298
51034 40322 46652 18232 973 58774 64949 25934 58771 60461
50620 58806 954 61113 40345 15475 56804 50681 64952 18265
50682 59506 987 58830 907 25934 50683 58785 59496 58774
51034 970 46652 42336 58771 18312 60461 40322 58774 58768
42345 54515 14111 62304 47385 61098 54164 50859 30257 53034
17077 59455 713 4243 59528 29838 52261 52294 4245 51364
56288 27835 46329 37263 6299 6185 2309 64753 56594 65696
32286 57678 204 37719 25046 37154 37696 31028 4904 250
39312 10240 10236 4382 35771 4438 62397 62927 39885 33768
928 37313 45901 37179 27468 37317 37314 37291 37305 61661
4515 40759 62973 34597 18047 57522 43903 55005 62933 921
21178 37696 33800 48821 67829 54919 63366 40025 22516 8489
59452 29871 29974 50838 63963 4538 1892 54750 2716 65218
40814 34595 34961 30348 43486 10864 13651 29967 36442 9643
3439 998 3421 45405 8810 3444 3450 47487 926 3423
39337 50333 52248 50823 48866 397 30287 48879 32699 50441
47435 697 32720 58805 64925 7151 955 853 65863 42019
50682 972 25934 58830 50683 59506 50969 51000 58774 51028
60268 19894 806 18308 10651 53000 46971 34577 63989 4544
61679 57281 966 3475 61723 61784 46279 13914 40854 63669
991 3487 62901 62965 929 34569 284 730 34566 62918
990 62965 62901 62918 37977 3487 34569 34521 10518 284
3402 46102 34599 34565 3444 33603 3421 35361 3439 10867
9669 34508 57314 61670 25533 40931 964 19913 10871 48932
4446 62969 57321 23831 996 62912 3409 926 39437 3450
39617 44767 23544 19732 51466 10943 212 37528 1568 23511
62969 62923 994 57321 4446 33559 23831 754 62336 62912
4448 4360 58862 2037 33851 4449 57731 43119 62136 33625
45405 3423 47487 674 4377 3444 911 47517 8810 3437
492 66926 22131 45952 62908 23818 493 35850 12811 43848
